1235
1608
1767
1373
1324
1568
1499
1501
1732
1146
1202
1298
1041
1316
1560
1047
1013
1296
1276
1742
1013
1378
1516
1046
1685
1022
1014
1048
1658
1402
1513
1135
1349
1059
1020
1737
1317
1727
1245
1030
1100
1198
1339
1306
1784
1130
1697
1785
1394
1044
1281
1276
1772
1767
1680
1548
1665
1680
1298
1276
1338
1230
1314
1342
1158
1631
1716
1022
1723
1701
1026
1454
1623
1348
1768
1345
1051
1204
1752
1187
1498
1628
1218
1096
1786
1558
1354
1616
1029
1214
1598
1304
1484
1430
1161
1185
1438
1356
1206
1130
1778
1202
1650
1662
1465
1408
1516
1636
1521
1034
1404
1322
1058
1278
1167
1621
1189
1571
1307
1590
1670
1730
1009
1584
1409
1522
1508
1693
1354
1248
1392
1121
1211
1090
1073
1542
1450
1665
1540
1077
1043
1014
1541
1562
1420
1340
1524
1032
1199
1326
1302
1015
1344
1403
1104
1373
1461
1731
1562
1184
1130
1024
1029
1733
1643
1405
1800
1414
1352
1472
1520
1415
1413
1028
1798
1411
1466
1670
1228
1799
1026
1148
1271
1268
1607
1777
1188
1587
1267
1710
1441
1308
1050
1529
1138
1560
1434
1577
1515
1242
1475
1731
1541
1404
1188
1149
1348
1227
1184
1728
1033
1714
1633
1317
1513
1034
1208
1700
1051
1385
1397
1639
1365
1432
1746
1052
1249
1343
1401
1308
1700
1537
1779
1157
1012
1788
1343
1675
1340
1791
1691
1418
1693
1053
1263
1486
1383
1325
1583
1501
1403
1535
1438
1022
1414
1123
1114
1706
1248
1476
1768
1429
1454
1003
1690
1700
1138
1256
1652
1359
1221
1329
1570
1117
1488
1038
1137
1242
1464
1516
1481
1206
1626
1395
1269
1631
1767
1320
1673
1230
1452
1696
1190
1701
1390
1356
1769
1763
1605
1700
1283
1384
1452
1551
1577
1524
1044
1670
1349
1383
1720
1717
1689
1351
1481
1602
1630
1249
1277
1242
1402
1596
1219
1511
1225
1087
1703
1438
1524
1013
1194
1124
1055
1153
1275
1003
1756
1397
1315
1005
1106
1622
1649
1554
1443
1532
1739
1266
1395
1746
1277
1380
1581
1096
1634
1045
1428
1341
1089
1439
1514
1204
1301
1099
1675
1215
1253
1784
1197
1568
1675
1460
1112
1098
1745
1739
1179
1778
1062
1213
1282
1002
1336
1605
1593
1444
1609
1787
1547
1375
1390
1087
1467
1407
1097
1179
1102
1143
1197
1705
1787
1208
1705
1115
1496
1772
1617
1641
1199
1452
1439
1408
1197
1275
1204
1327
1791
1779
1233
1767
1224
1532
1243
1238
1231
1713
1441
1747
1578
1494
1417
1177
1090
1092
1283
1501
1093
1569
1008
1211
1431
1748
1465
1718
1611
1134
1391
1467
1248
1079
1161
1800
1099
1143
1580
1730
1440
1627
1575
1683
1566
1788
1791
1612
1138
1536
1084
1719
1458
1108
1478
1298
1076
1720
1040
1436
1136
1223
1264
1676
1154
1368
1070
1672
1465
1734
1446
1762
1523
1597
1466
1010
1244
1332
1707
1772
1188
1437
1322
1103
1435
1314
1221
1464
1408
1279
1666
1752
1091
1601
1636
1165
1099
1693
1422
1708
1527
1165
1210
1648
1011
1023
1596
1344
1343
1119
1327
1178
1317
1319
1793
1120
1507
1790
1467
1657
1781
1225
1073
1242
1178
1712
1208
1174
1106
1793
1557
1347
1262
1589
1448
1373
1360
1265
1379
1365
1294
1424
1181
1587
1080
1074
1025
1729
1318
1072
1171
1046
1338
1289
1664
1519
1519
1282
1140
1252
1668
1273
1099
1028
1651
1715
1774
1225
1169
1782
1416
1056
1780
1545
1630
1298
1304
1001
1026
1405
1102
1479
1330
1413
1638
1629
1539
1100
1471
1266
1403
1042
1570
1792
1640
1532
1775
1644
1524
1789
1391
1112
1174
1413
1256
1564
1300
1000
1583
1755
1746
1070
1550
1655
1781
1427
1575
1636
1752
1389
1431
1683
1747
1142
1217
1420
1155
1096
1380
1494
1390
1679
1636
1689
1329
1584
1199
1361
1228
1411
1354
1061
1035
1158
1622
1478
1072
1604
1656
1459
1640
1066
1464
1389
1315
1784
1765
1563
1608
1493
1590
1438
1549
1384
1789
1306
1383
1104
1486
1067
1471
1496
1674
1440
1312
1164
1623
1209
1257
1463
1324
1689
1552
1318
1664
1056
1591
1470
1547
1426
1674
1651
1171
1545
1703
1051
1380
1010
1735
1378
1126
1452
1534
1028
1417
1514
1572
1473
1138
1532
1351
1775
1009
1744
1604
1797
1080
1152
1396
1002
1163
1164
1210
1663
1351
1261
1195
1185
1429
1695
1240
1727
1083
1684
1372
1494
1298
1191
1515
1229
1237
1492
1331
1084
1715
1146
1362
1221
1127
1464
1544
1524
1489
1772
1584
1428
1494
1791
1668
1289
1393
1216
1254
1527
1385
1390
1312
1228
1408
1194
1746
1216
1391
1365
1050
1379
1496
1707
1237
1589
1663
1549
1486
1391
1000
1097
1255
1384
1391
1428
1120
1176
1285
1494
1572
1631
1150
1147
1434
1741
1561
1092
1588
1083
1117
1215
1766
1772
1608
1756
1680
1051
1579
1553
1357
1434
1028
1448
1687
1295
1161
1650
1365
1382
1146
1237
1356
1571
1347
1217
1121
1530
1028
1523
1015
1426
1102
1697
1565
1641
1301
1383
1779
1591
1325
1530
1103
1403
1140
1701
1688
1620
1146
1587
1513
1299
1761
1774
1763
1232
1375
1762
1515
1196
1749
1572
1512
1176
1187
1498
1049
1239
1273
1712
1454
1278
1285
1171
1604
1002
1626
1699
1717
1329
1648
1463
1235
1426
1436
1012
1278
1074
1201
1395
1315
1743
1213
1147
1471
1414
1000
1333
1546
1633
1372
1732
1353
1784
1381
1417
1276
1688
1078
1105
1198
1109
1461
1385
1555
1351
1436
1687
1721
1617
1598
1218
1015
1028
1218
1539
1482
1083
1408
1048
1384
1439
1266
1417
1196
1665
1748
1118
1232
1164
1459
1714
1059
1593
1488
1660
1572
1628
1441
1225
1269
1438
1635
1197
1062
1400
1127
1791
1410
1418
1679
1654
1016
1306
1726
1658
1739
1430
1066
1707
1299
1634
1113
1619
1382
1279
1558
1246
1685
1584
1020
1403
1359
1068
1531
1147
1430
1777
1442
1246
1187
1050
1472
1041
1674
1743
1685
1513
1232
1576
1111
1293
1542
1416
1083
1525
1247
1344
1619
1493
1283
1637
1638
1185
1600
1514
1263
1677
1723
1728
1443
1670
1038
1450
1431
1432
1697
1727
1549
1697
1484
1219
1583
1745
1695
1052
1669
1633
1555
1387
1489
1246
1787
1383
1548
1281
1389
1030
1471
1067
1570
1705
1589
1068
1190
1335
1222
1312
1175
1557
1709
1657
1165
1703
1073
1562
1741
1737
1438
1622
1677
1425
1739
1640
1351
1601
1613
1342
1519
1463
1271
1613
1028
1403
1698
1014
1095
1529
1028
1578
1323
1456
1664
1376
1006
1084
1744
1058
1169
1546
1168
1453
1668
1692
1681
1031
1484
1612
1509
1287
1195
1533
1617
1649
1312
1400
1058
1352
1092
1522
1520
1576
1651
1584
1790
1182
1145
1065
1188
1625
1123
1609
1750
1581
1156
1308
1638
1215
1260
1400
1324
1778
1036
1180
1427
1247
1789
1626
1500
1019
1471
1404
1388
1098
1286
1723
1549
1219
1759
1661
1197
1395
1792
1592
1596
1532
1511
1159
1452
1669
1565
1476
1231
1194
1500
1405
1779
1735
1497
1206
1312
1129
1774
1085
1313
1436
1776
1607
1294
1571
1589
1165
1580
1641
1129
1098
1593
1756
1663
1106
1627
1020
1309
1623
1579
1334
1160
1583
1359
1433
1770
1361
1449
1093
1733
1152
1631
1179
1011
1729
1650
1542
1377
1105
1435
1634
1270
1521
1244
1628
1261
1506
1602
1279
1308
1226
1526
1544
1566
1468
1255
1049
1230
1378
1190
1394
1290
1543
1454
1076
1615
1530
1553
1127
1664
1591
1272
1362
1180
1227
1387
1550
1569
1512
1417
1001
1062
1438
1145
1536
1609
1306
1307
1591
1506
1358
1337
1050
1715
1453
1212
1614
1541
1728
1489
1423
1179
1673
1437
1355
1631
1177
1133
1061
1391
1030
1120
1190
1006
1443
1473
1315
1257
1246
1107
1433
1731
1444
1537
1569
1117
1796
1045
1746
1054
1428
1626
1014
1307
1545
1521
1222
1421
1000
1387
1727
1568
1126
1310
1529
1552
1330
1582
1456
1086
1506
1366
1203
1243
1669
1726
1464
1408
1218
1739
1310
1171
1282
1713
1197
1710
1595
1764
1463
1110
1599
1529
1486
1713
1159
1463
1261
1738
1002
1528
1607
1684
1603
1257
1355
1417
1443
1063
1595
1154
1522
1257
1147
1161
1088
1180
1345
1050
1160
1190
1025
1790
1514
1761
1636
1130
1573
1559
1399
1420
1350
1080
1147
1708
1067
1154
1616
1402
1333
1013
1680
1781
1564
1706
1180
1559
1300
1745
1616
1699
1790
1261
1219
1754
1067
1544
1689
1329
1772
1076
1026
1485
1682
1713
1462
1683
1626
1627
1254
1090
1019
1645
1793
1460
1210
1582
1082
1696
1721
1417
1462
1070
1238
1574
1583
1774
1243
1423
1546
1396
1028
1512
1384
1496
1625
1044
1679
1538
1282
1192
1292
1676
1111
1666
1351
1401
1580
1419
1430
1053
1451
1050
1398
1777
1685
1212
1107
1750
1670
1202
1582
1595
1156
1591
1171
1441
1095
1681
1693
1475
1429
1188
1035
1593
1475
1687
1182
1125
1295
1790
1240
1554
1177
1742
1541
1628
1209
1759
1746
1626
1411
1749
1502
1741
1385
1535
1060
1309
1583
1561
1291
1699
1755
1637
1083
1358
1519
1509
1576
1498
1290
1759
1394
1323
1707
1226
1047
1292
1246
1448
1360
1739
1628
1000
1242
1439
1745
1508
1268
1178
1318
1002
1387
1687
1747
1550
1571
1008
1530
1590
1586
1489
1072
1100
1010
1117
1259
1681
1369
1103
1554
1349
1195
1445
1487
1014
1553
1092
1750
1788
1550
1697
1109
1174
1674
1071
1479
1234
1668
1101
1176
1663
1316
1685
1070
1517
1137
1689
1013
1518
1005
1332
1260
1210
1549
1578
1234
1078
1100
1322
1091
1642
1217
1257
1565
1682
1391
1010
1056
1210
1354
1155
1414
1682
1081
1679
1263
1529
1631
1134
1305
1550
1023
1107
1201
1120
1180
1602
1119
1214
1127
1207
1318
1353
1180
1321
1337
1275
1118
1040
1555
1032
1693
1246
1302
1683
1444
1722
1080
1640
1255
1779
1045
1251
1373
1376
1045
1241
1643
1191
1745
1571
1745
1618
1298
1455
1496
1211
1260
1740
1188
1723
1273
1751
1115
1693
1712
1028
1372
1556
1153
1413
1439
1592
1286
1317
1323
1749
1266
1530
1216
1430
1576
1737
1023
1433
1714
1410
1361
1248
1381
1511
1192
1186
1038
1788
1699
1218
1265
1713
1208
1336
1274
1065
1307
1407
1763
1608
1468
1358
1550
1687
1659
1269
1766
1734
1151
1067
1211
1110
1375
1146
1224
1514
1611
1189
1645
1012
1077
1147
1299
1434
1389
1068
1025
1482
1192
1361
1693
1164
1427
1021
1197
1231
1281
1565
1122
1634
1345
1182
1750
1102
1756
1158
1798
1453
1371
1738
1512
1592
1643
1519
1131
1455
1455
1699
1181
1000
1374
1149
1089
1559
1252
1677
1292
1190
1679
1413
1411
1177
1587
1226
1303
1090
1497
1180
1016
1305
1666
1153
1760
1026
1276
1227
1162
1370
1601
1788
1061
1586
1181
1003
1104
1076
1122
1595
1128
1723
1071
1066
1639
1448
1438
1644
1303
1620
1654
1047
1126
1537
1196
1546
1001
1296
1483
1014
1709
1347
1622
1219
1510
1181
1678
1411
1020
1659
1650
1002
1369
1575
1180
1340
1025
1381
1110
1245
1275
1493
1654
1285
1270
1007
1350
1777
1326
1364
1431
1161
1701
1793
1564
1704
1740
1048
1729
1022
1162
1523
1706
1144
1027
1513
1410
1298
1555
1216
1758
1504
1374
1151
1171
1784
1271
1196
1603
1422
1365
1285
1449
1107
1338
1575
1346
1624
1284
1332
1723
1423
1646
1638
1793
1363
1708
1310
1574
1170
1184
1707
1538
1042
1237
1097
1190
1770
1676
1334
1233
1794
1093
1559
1662
1504
1073
1382
1149
1256
1291
1679
1437
1284
1626
1477
1103
1588
1643
1119
1346
1580
1356
1597
1671
1691
1365
1772
1112
1747
1337
1272
1060
1417
1055
1422
1728
1773
1010
